     379 379 379 379 379 379 379 379 379 379 379 379 379 379 379 379 379 379 379 379 379 379 379 379 379 379 665 665 665 665 379 379 379 379 379 379 379 379 379 379 379 379 379 379 379 379 379 379 379 379 379 379 379 379 379 379 379 379 379 379 379 379 379 379 379 379 379 379 379 379 379 379 379 379 379 379 379 379 379 379  
     379 379 379 379 379 379 379 379 379 379 379 379 379 379 379 379 379 379 379 379 379 379 379 665 665 665 665 379 379 379 379 379 379 379 379 379 379 379 379 379 379 379 379 379 379 379 379 379 379 379 379 379 379 379 379 379 379 379 379 379 379 379 379 379 379 379 379 379 379 379 379 379 379 379 379 379 379 379 379 379  
     379 379 379 379 379 379 379 379 379 379 379 379 379 379 379 379 379 379 379 379 379 379 379 379 665 665 665 379 379 379 379 379 379 379 379 379 379 379 379 379 379 379 379 379 379 379 379 379 379 379 379 379 379 379 379 379 379 379 379 379 379 379 379 379 379 379 379 379 379 379 379 379 379 379 379 379 379 379 379 379  
     379 379 379 379 379 379 379 379 379 379 379 432 432 432 432 432 432 432 432 432 432 432 432 432 432 432 432 379 379 379 379 379 379 379 379 379 379 379 379 379 379 379 379 379 379 379 379 379 379 379 379 379 379 379 379 379 379 379 379 379 379 379 457 457 457 457 457 457 457 442 442 379 379 379 379 379 379 379 379 379  
     379 379 379 379 379 379 379 379 379 432 432 432 447 447 447 447 447 447 447 432 432 447 447 447 447 447 432 432 432 432 432 432 379 379 379 379 379 379 379 379 379 379 379 379 379 379 379 379 379 379 379 379 379 379 379 379 379 379 442 442 442 442 472 472 472 472 472 472 472 457 442 442 442 442 379 379 379 379 379 379  
     379 379 379 379 379 379 379 432 432 432 447 447 462 462 462 462 462 462 462 432 447 462 462 462 462 462 447 447 447 447 447 432 432 432 432 432 432 432 379 379 379 379 379 379 379 379 379 379 379 379 379 379 379 379 379 379 442 442 457 457 442 442 472 457 472 472 472 472 472 472 442 442 442 442 442 442 442 379 379 379  
     379 379 379 379 379 432 432 432 432 447 462 462 462 462 447 447 447 447 432 432 432 432 432 432 447 462 462 462 462 462 462 447 447 447 447 447 447 432 432 379 379 379 379 379 379 379 379 379 379 379 379 379 379 379 442 442 457 457 442 442 442 457 472 472 472 457 472 472 472 472 442 457 457 442 442 442 457 442 379 379  
     379 379 379 379 432 432 447 432 447 462 462 462 462 462 462 462 462 462 432 447 447 447 447 447 462 462 432 432 432 462 462 462 462 462 432 432 462 447 432 379 665 665 379 379 379 379 379 379 379 379 379 379 442 442 457 442 442 442 442 457 457 472 472 472 442 442 442 442 442 442 442 442 472 457 442 442 472 457 379 379  
     379 379 379 432 432 447 432 432 462 432 447 462 432 432 432 432 432 432 447 462 462 462 462 462 447 447 447 447 432 447 462 432 432 432 432 432 432 432 432 432 447 379 379 379 379 379 379 379 379 379 379 442 457 457 442 442 457 457 457 472 472 442 442 457 457 457 457 457 457 457 457 442 472 472 457 442 442 472 379 379  
     379 379 379 432 447 462 432 432 432 432 432 432 432 447 447 447 447 447 462 462 462 432 432 462 462 432 432 432 447 462 462 447 432 447 447 447 447 447 447 447 462 379 379 379 379 379 379 379 379 379 379 457 472 472 442 457 472 472 472 442 442 457 457 472 472 472 472 472 472 472 472 442 472 472 472 457 442 472 379 379  
     379 379 379 432 432 432 432 432 447 432 432 432 432 432 432 432 432 462 462 462 432 447 432 432 432 447 447 447 462 462 447 462 432 462 462 462 462 462 462 462 462 432 379 379 379 379 379 379 379 379 442 472 472 442 442 472 442 442 442 457 457 472 472 457 457 457 472 472 472 472 442 442 442 472 472 472 457 472 379 379  
     379 379 379 432 432 432 432 432 462 447 447 447 447 447 447 447 447 432 432 432 432 462 447 447 447 462 462 462 462 462 462 462 432 432 447 462 432 432 447 432 462 447 379 379 379 379 379 379 379 379 442 472 442 442 457 457 442 457 457 472 472 472 472 472 472 472 472 472 472 457 442 457 442 442 442 472 472 472 379 379  
     379 379 379 432 432 447 432 432 462 462 462 462 462 462 462 462 462 447 432 447 447 462 462 462 462 462 432 462 462 447 447 432 432 447 462 462 447 447 432 447 451 452 453 451 452 451 451 451 451 451 452 453 442 442 472 472 457 472 472 472 472 457 457 457 457 472 472 442 472 442 457 472 442 442 457 442 472 472 379 379  
     379 379 379 379 447 462 432 447 432 447 447 447 462 462 462 462 462 462 432 462 462 432 432 447 447 432 432 432 447 462 432 447 432 462 462 462 462 432 432 462 451 452 453 453 453 453 452 453 452 451 452 453 442 457 472 472 472 457 457 472 472 472 472 472 472 442 442 442 442 457 472 457 442 457 442 442 442 442 379 379  
     379 379 379 379 462 462 432 432 432 462 462 462 462 447 447 447 462 462 432 432 462 447 447 432 432 447 432 432 432 432 447 462 432 432 432 432 432 432 447 462 451 452 453 453 451 451 451 451 451 451 452 453 442 472 472 472 457 472 472 472 442 442 472 472 472 442 457 457 457 472 472 472 442 472 442 457 442 442 379 379  
     379 379 379 379 379 379 447 432 432 432 462 462 462 432 432 432 432 432 447 432 432 432 432 447 447 462 447 447 447 447 462 432 447 432 432 432 447 432 462 462 432 379 379 379 379 379 379 379 379 379 457 457 442 442 472 472 472 472 457 472 442 457 472 472 472 442 472 472 472 472 472 442 442 442 457 472 457 442 379 379  
     379 379 379 379 379 379 462 432 447 432 432 432 432 432 432 432 432 432 462 447 447 447 447 462 462 462 462 462 462 462 432 447 462 447 432 432 432 432 432 462 432 379 379 379 379 379 379 379 379 379 442 472 457 442 442 472 472 472 472 472 442 442 442 442 442 442 472 442 457 457 442 457 442 442 472 472 472 442 379 379  
     379 379 379 379 379 379 447 432 432 432 432 432 432 447 447 447 447 447 447 462 462 462 462 462 462 462 462 462 462 432 447 462 462 432 432 432 432 432 447 462 379 379 379 379 379 379 379 379 379 379 442 472 472 442 457 472 457 472 442 442 442 457 442 457 442 442 442 457 472 442 442 472 442 442 472 472 472 442 379 379  
     379 379 379 379 379 379 379 447 432 432 447 432 447 462 462 462 462 462 462 447 447 462 432 432 432 432 432 432 432 432 462 432 432 447 432 432 432 432 462 462 379 379 379 379 379 379 379 379 379 379 442 442 472 442 442 442 442 442 442 442 442 442 442 442 442 442 442 472 442 442 457 472 442 457 442 472 472 442 379 379  
     379 379 379 379 379 379 379 462 447 432 432 432 432 432 432 432 432 432 432 432 432 432 447 447 447 447 447 447 447 447 432 432 432 432 432 447 447 432 432 379 379 379 379 379 379 379 379 379 379 379 442 442 457 442 457 457 457 457 457 457 457 457 442 442 442 442 442 442 442 442 472 472 442 472 442 472 472 442 379 379  
     379 379 379 379 379 379 379 379 462 447 432 432 432 432 432 447 447 447 447 447 447 447 462 462 462 462 462 462 462 462 447 447 447 447 447 462 462 432 432 379 379 379 379 379 379 379 379 379 379 379 457 442 442 442 472 472 472 472 472 472 472 472 457 457 457 457 457 457 457 457 472 457 442 442 442 442 472 442 379 379  
     379 379 379 379 379 379 379 379 379 462 432 432 447 447 447 462 462 462 462 462 462 462 462 462 462 462 462 432 432 432 462 462 462 462 462 447 432 432 379 379 379 379 379 379 379 379 379 379 379 379 472 457 442 442 457 442 442 457 457 472 472 472 472 472 472 472 472 472 472 472 472 472 457 442 457 442 442 442 379 379  
     379 379 379 379 379 379 379 379 379 379 432 447 462 462 462 432 447 432 432 432 432 432 432 432 432 432 432 432 447 432 432 447 432 432 432 432 432 379 379 379 379 379 379 379 379 379 379 379 379 379 379 472 457 442 442 442 442 442 442 442 442 442 442 442 442 442 472 457 457 457 442 442 472 442 442 442 442 457 379 379  
     379 379 379 379 379 379 379 379 379 379 432 432 462 462 447 432 432 447 447 447 447 447 447 447 447 447 432 432 432 432 432 432 432 432 432 447 379 379 379 379 379 379 379 379 379 379 379 379 379 379 379 379 472 457 457 442 442 442 442 442 442 457 457 457 457 457 472 472 442 442 442 457 442 442 457 457 457 472 379 379  
     379 379 379 379 379 379 379 379 379 379 379 432 432 432 462 447 432 432 432 432 432 432 432 432 432 432 447 447 447 447 437 437 437 447 447 379 379 379 379 379 379 379 379 379 379 379 379 379 379 379 379 379 472 472 472 457 457 457 442 442 442 442 442 442 442 442 442 442 442 442 442 442 457 442 472 472 442 472 379 379  
     379 379 379 379 379 379 379 379 379 379 379 379 379 432 432 432 432 432 432 447 447 447 447 447 447 447 462 462 462 462 452 437 452 379 379 379 379 379 379 379 379 379 379 379 379 379 379 379 379 379 379 379 379 379 472 472 437 437 437 442 442 442 457 457 442 442 442 442 442 457 457 442 472 457 472 442 442 472 379 379  
     379 379 379 379 379 379 379 379 379 379 379 379 379 379 379 379 447 447 432 432 432 379 379 379 379 379 379 379 379 379 467 452 437 379 379 379 379 379 379 379 379 379 379 379 379 379 379 379 379 379 379 379 379 379 379 379 452 452 452 457 457 442 442 442 442 442 442 442 442 442 442 442 472 442 442 442 379 379 379 379  
     379 379 379 379 379 379 379 379 379 379 379 379 379 379 379 379 379 379 379 379 379 379 379 379 379 379 379 379 379 379 437 467 437 379 379 379 379 379 379 379 379 379 379 379 379 379 379 379 379 379 379 379 379 379 379 379 467 467 467 472 472 442 442 442 442 442 457 442 442 457 442 457 472 442 457 457 379 379 379 379  
     379 379 379 379 379 379 379 379 379 379 379 379 379 379 379 379 379 379 379 379 379 379 379 379 379 379 379 379 379 379 452 452 452 517 517 517 517 517 517 517 517 517 379 379 379 379 379 379 379 379 379 379 379 379 379 379 437 467 437 379 379 457 457 442 442 442 442 442 442 442 442 472 472 457 472 472 379 379 379 379  
     379 379 379 379 379 379 379 379 379 379 379 379 379 379 379 379 379 379 379 379 379 379 379 379 379 379 379 379 517 517 467 467 467 532 532 517 517 517 517 517 517 517 517 517 517 517 517 517 517 517 379 379 379 379 379 379 452 437 452 379 379 472 472 457 457 457 442 442 442 442 457 472 472 472 442 457 379 379 379 379  
     379 379 379 379 379 379 379 379 379 379 379 379 379 379 379 379 379 379 379 379 379 379 379 379 379 517 517 517 532 532 547 547 517 517 517 517 532 532 532 532 532 532 532 532 532 532 532 532 517 517 517 517 517 517 517 379 437 437 437 379 379 379 379 472 472 472 457 457 457 457 472 472 457 472 457 472 379 379 379 379  
     379 379 379 379 379 379 379 379 379 379 379 379 379 379 379 379 379 379 379 379 379 379 379 517 517 517 517 517 547 547 517 517 532 532 532 532 547 547 547 547 547 547 547 547 547 547 547 547 517 532 517 517 532 532 517 517 437 437 437 379 379 379 379 379 379 379 472 472 472 472 472 472 472 472 472 472 379 379 379 379  
     379 379 379 379 379 379 379 379 379 379 379 379 379 379 379 379 379 379 379 379 379 517 517 517 517 517 517 517 547 517 532 532 547 547 547 547 547 517 517 517 517 517 517 517 517 547 547 547 517 547 532 532 547 547 532 532 452 452 452 379 379 379 379 379 379 379 379 379 379 379 379 379 379 379 379 379 379 379 379 379  
     379 379 379 379 379 379 379 379 379 379 379 379 379 379 379 379 379 379 379 379 379 517 517 517 532 517 517 532 547 517 517 517 517 517 532 532 532 532 532 532 532 532 532 532 517 517 517 517 517 517 517 547 532 547 547 547 467 467 467 379 379 379 379 379 379 379 379 379 379 379 379 379 379 379 379 379 379 379 379 379  
     379 379 379 379 379 379 379 379 379 379 379 379 379 379 379 379 379 379 379 379 517 517 517 532 547 517 517 517 517 517 517 517 517 517 547 547 547 547 547 547 547 547 547 517 517 517 517 517 532 532 517 517 517 547 547 532 532 532 517 517 379 379 379 379 379 379 379 379 379 379 379 379 379 379 379 379 379 379 379 379  
     379 379 379 379 379 379 379 379 379 379 379 379 379 379 379 379 379 379 379 379 517 517 532 547 517 517 517 517 517 517 517 517 517 517 517 517 517 547 547 517 517 517 517 517 532 532 532 532 547 547 532 532 517 517 547 547 547 547 532 517 379 379 379 379 379 379 379 379 379 379 379 379 379 379 379 379 379 379 379 379  
     379 379 379 379 379 379 379 379 379 379 379 379 379 379 379 379 379 379 379 379 517 517 517 517 532 532 532 532 532 532 532 532 532 532 532 532 517 517 517 517 517 532 532 532 547 547 547 547 547 547 547 547 532 517 517 547 547 532 547 517 379 379 379 379 379 379 379 379 379 379 379 379 379 379 379 379 379 379 379 379  
     379 379 379 379 379 379 379 379 379 379 379 379 379 379 379 379 379 379 379 379 517 532 517 517 547 547 547 547 547 547 547 547 547 547 547 547 532 532 532 532 517 517 517 517 517 517 517 517 517 517 517 517 517 517 532 547 547 547 517 517 379 379 379 379 379 379 379 379 379 379 379 379 379 379 379 379 379 379 379 379  
     379 379 379 379 379 379 379 379 379 379 379 379 379 379 379 379 379 379 379 379 532 547 532 532 547 517 517 517 517 517 547 547 532 547 547 547 547 547 547 547 532 532 532 517 517 517 517 517 532 517 517 517 532 532 547 547 547 547 517 532 379 379 379 379 379 379 379 379 379 379 379 379 379 379 379 379 379 379 379 379  
     379 379 379 379 379 379 379 379 379 379 379 379 379 379 379 379 379 379 379 379 547 517 547 547 517 517 532 532 532 517 517 517 517 517 517 517 547 517 517 517 547 547 547 532 532 532 532 517 517 517 532 532 547 547 547 547 547 517 517 517 379 379 379 379 379 379 379 379 379 379 379 379 379 379 379 379 379 379 379 379  
     379 379 379 379 379 379 379 379 379 379 379 379 379 379 379 379 379 379 379 379 379 532 517 517 532 532 517 517 517 532 532 532 532 532 532 532 547 517 517 517 532 532 532 547 547 517 517 517 532 532 547 547 517 532 547 517 547 517 517 532 379 379 379 379 379 379 379 379 379 379 379 379 379 379 379 379 379 379 379 379  
     379 379 379 379 379 379 379 379 379 379 379 379 379 379 379 379 379 379 379 379 379 547 532 532 547 547 517 517 517 517 517 517 547 547 547 547 547 517 517 517 517 517 517 517 517 517 532 532 547 547 532 532 532 517 517 532 517 517 517 547 379 379 379 379 379 379 379 379 379 379 379 379 379 379 379 379 379 379 379 379  
     379 379 379 379 379 379 379 379 379 379 379 379 379 379 379 379 379 379 379 379 379 379 547 547 547 547 517 517 517 517 532 517 517 517 517 517 517 517 517 517 517 517 532 532 532 532 547 547 532 532 547 517 517 532 517 517 517 517 517 547 379 379 379 379 379 379 379 379 379 379 379 379 379 379 379 379 379 379 379 379  
     379 379 379 379 379 379 379 379 379 379 379 379 379 379 379 379 379 379 379 379 379 379 379 547 547 547 532 517 532 517 517 517 532 532 532 532 532 532 532 532 532 532 547 547 547 547 517 517 517 517 517 517 517 517 532 532 532 532 532 547 379 379 379 379 379 379 379 379 379 379 379 379 379 379 379 379 379 379 379 379  
     379 379 379 379 379 379 379 379 379 379 379 379 379 379 379 379 379 379 379 379 379 379 379 379 379 547 547 532 517 517 517 517 517 517 517 517 517 517 517 517 517 517 517 517 517 517 517 517 517 517 532 532 532 532 547 547 547 547 547 547 379 379 379 379 379 379 379 379 379 379 379 379 379 379 379 379 379 379 379 379  
     379 379 379 379 379 379 379 379 379 379 379 379 379 379 379 379 379 379 379 379 379 379 379 379 379 379 547 547 532 532 532 532 532 532 532 532 532 532 532 532 532 532 532 532 532 532 532 532 532 532 547 547 547 547 547 547 547 547 379 379 379 379 379 379 379 379 379 379 379 379 379 379 379 379 379 379 379 379 379 379  
     379 379 379 379 379 379 379 379 379 379 379 379 379 379 379 379 379 379 379 379 379 379 379 379 379 379 379 547 547 547 547 547 547 547 547 547 547 547 547 547 547 547 547 547 547 547 547 547 547 547 517 517 517 517 547 547 547 547 379 379 379 379 379 379 379 379 379 379 379 379 379 379 379 379 379 379 379 379 379 379  
     379 379 379 379 379 379 379 379 379 379 379 379 379 379 379 379 379 379 379 379 379 379 379 379 379 379 379 379 379 379 379 379 379 379 379 379 379 379 379 379 379 379 379 379 379 379 379 379 379 379 379 379 379 379 379 379 379 379 379 379 379 379 379 379 379 379 379 379 379 379 379 379 379 379 379 379 379 379 379 379  
     379 379 379 379 379 379 379 379 379 379 379 379 379 379 379 379 379 379 379 379 379 379 379 379 379 379 379 379 379 379 379 379 379 379 379 379 379 379 379 379 379 379 379 379 379 379 379 379 379 379 379 379 379 379 379 379 379 379 379 379 379 379 379 379 379 379 379 379 379 379 379 379 379 379 379 379 379 379 379 379  
     379 379 379 379 379 379 379 379 379 379 379 379 379 379 379 379 379 379 379 379 379 379 379 379 379 379 379 379 379 379 379 379 379 379 379 379 379 379 379 379 379 379 379 379 379 379 379 379 379 379 379 379 379 379 379 379 379 379 379 379 379 379 379 379 379 379 379 379 379 379 379 379 379 379 379 379 379 379 379 379 

0 0 0 0 0 0 0 0 0 0 0 0 0 0 0 0 0 0 0 0 0 0 0 0 0 0 0 0 0 0 0 0 0 0 0 0 0 0 0 0 0 0 0 0 0 0 0 0 0 0 0 0 0 0 0 0 0 0 0 0 0 0 0 0 0 0 0 0 0 0 0 0 0 0 0 0 0 0 0 0 
0 0 0 0 0 0 0 0 0 0 0 0 0 0 0 0 0 0 0 0 0 0 0 0 0 0 0 0 0 0 0 0 0 0 0 0 0 0 0 0 0 0 0 0 0 0 0 0 0 0 0 0 0 0 0 0 0 0 0 0 0 0 0 0 0 0 0 0 0 0 0 0 0 0 0 0 0 0 0 0 
0 0 0 0 0 0 0 0 0 0 0 0 0 0 0 0 0 0 0 0 0 0 0 0 0 0 0 0 0 0 0 0 0 0 0 0 0 0 0 0 0 0 0 0 0 0 0 0 0 0 0 0 0 0 0 0 0 0 0 0 490 0 0 0 0 0 0 0 0 0 0 0 494 0 0 0 0 0 0 0 
0 0 0 0 0 0 0 0 0 0 0 538 552 552 552 552 552 552 552 552 552 552 552 552 552 552 2147484186 0 0 0 0 0 0 0 0 0 0 0 0 0 0 0 0 0 0 0 0 0 0 0 0 0 0 0 0 0 490 0 0 0 0 0 538 552 552 552 552 552 552 552 2147484186 0 0 0 0 494 0 0 0 0 
0 0 0 0 0 0 0 0 0 538 552 2147484199 0 0 0 0 0 0 0 0 0 0 0 0 0 0 2147484187 552 552 552 552 2147484186 0 0 0 0 0 0 0 0 0 0 0 0 0 0 0 0 0 0 0 0 0 0 490 0 0 0 538 552 552 552 2147484199 0 0 0 0 0 0 0 551 552 552 2147484186 0 0 0 0 0 0 
0 0 0 0 0 0 0 538 552 2147484199 0 0 0 0 0 0 0 0 0 0 0 0 0 0 0 0 0 0 0 0 0 2147484187 552 552 552 552 552 2147484186 0 0 0 0 0 0 0 0 0 0 0 0 0 0 490 0 0 0 538 552 2147484199 0 0 0 0 0 0 0 0 0 0 0 0 0 0 551 552 552 2147484186 0 0 0 
0 0 0 0 0 538 552 2147484199 0 0 0 0 0 0 0 0 0 0 0 0 0 0 0 0 0 0 0 0 0 0 0 0 0 0 0 0 0 2147484187 2147484186 0 0 0 0 0 0 0 0 0 0 0 490 0 0 0 538 552 2147484199 0 0 0 0 0 0 0 0 0 0 0 0 0 0 0 0 0 0 0 2147484187 2147484186 0 0 
0 0 0 0 538 2147484199 0 0 0 0 0 0 0 0 0 0 0 0 0 0 0 0 0 0 0 0 0 0 0 0 0 0 0 0 0 0 0 0 2147484172 0 0 0 0 0 0 0 0 0 0 0 0 0 538 552 2147484199 0 0 0 0 0 0 0 0 0 0 0 0 0 0 0 0 0 0 0 0 0 0 2147484172 0 0 
0 0 0 538 2147484199 0 0 0 0 0 0 0 0 0 0 0 0 0 0 0 0 0 0 0 0 0 0 0 0 0 0 0 0 0 0 0 0 0 2147484187 552 2147484186 0 0 0 0 0 0 0 0 490 0 538 2147484199 0 0 0 0 0 0 0 0 0 0 0 0 0 0 0 0 0 0 0 0 0 0 0 0 2147484172 0 0 
0 0 0 2147484168 0 0 0 0 0 0 0 0 0 0 0 0 0 0 0 0 0 0 0 0 0 0 0 0 0 0 0 0 0 0 0 0 0 0 0 0 2147484172 0 0 0 0 0 0 0 0 0 0 2147484168 0 0 0 0 0 0 0 0 0 0 0 0 0 0 0 0 0 0 0 0 0 0 0 0 0 2147484172 0 0 
0 0 0 2147484168 0 0 0 0 0 0 0 0 0 0 0 0 0 0 0 0 0 0 0 0 0 0 0 0 0 0 0 0 0 0 0 0 0 0 0 0 2147484187 2147484186 0 0 0 0 0 0 0 0 538 2147484199 0 0 0 0 0 0 0 0 0 0 0 0 0 0 0 0 0 0 0 0 0 0 0 0 0 2147484172 0 0 
0 0 0 2147484168 0 0 0 0 0 0 0 0 0 0 0 0 0 0 0 0 0 0 0 0 0 0 0 0 0 0 0 0 0 0 0 0 0 0 0 0 0 2147484172 0 0 0 0 0 0 0 0 2147484168 0 0 0 0 0 0 0 0 0 0 0 0 0 0 0 0 0 0 0 0 0 0 0 0 0 0 2147484172 0 0 
0 0 0 1073742362 1073742377 0 0 0 0 0 0 0 0 0 0 0 0 0 0 0 0 0 0 0 0 0 0 0 0 0 0 0 0 0 0 0 0 0 0 0 0 0 0 0 0 0 0 0 0 0 0 0 0 0 0 0 0 0 0 0 0 0 0 0 0 0 0 0 0 0 0 0 0 0 0 0 0 2147484172 0 0 
0 0 0 0 2147484168 0 0 0 0 0 0 0 0 0 0 0 0 0 0 0 0 0 0 0 0 0 0 0 0 0 0 0 0 0 0 0 0 0 0 0 0 0 0 0 0 0 0 0 0 0 0 0 0 0 0 0 0 0 0 0 0 0 0 0 0 0 0 0 0 0 0 0 0 0 0 0 0 2147484172 0 0 
0 0 0 0 1073742362 1073742376 1073742377 0 0 0 0 0 0 0 0 0 0 0 0 0 0 0 0 0 0 0 0 0 0 0 0 0 0 0 0 0 0 0 0 0 0 0 0 0 0 0 0 0 0 0 0 0 0 0 0 0 0 0 0 0 0 0 0 0 0 0 0 0 0 0 0 0 0 0 0 0 0 2147484172 0 0 
0 0 0 0 0 0 2147484168 0 0 0 0 0 0 0 0 0 0 0 0 0 0 0 0 0 0 0 0 0 0 0 0 0 0 0 0 0 0 0 0 0 2147484172 0 0 0 0 0 0 0 0 0 2147484168 0 0 0 0 0 0 0 0 0 0 0 0 0 0 0 0 0 0 0 0 0 0 0 0 0 0 2147484172 0 0 
0 0 0 0 0 0 2147484168 0 0 0 0 0 0 0 0 0 0 0 0 0 0 0 0 0 0 0 0 0 0 0 0 0 0 0 0 0 0 0 0 3221226011 3221226010 0 0 0 0 0 0 0 0 0 2147484168 0 0 0 0 0 0 0 0 0 0 0 0 0 0 0 0 0 0 0 0 0 0 0 0 0 0 2147484172 0 0 
0 0 0 0 0 0 1073742362 1073742377 0 0 0 0 0 0 0 0 0 0 0 0 0 0 0 0 0 0 0 0 0 0 0 0 0 0 0 0 0 0 0 2147484172 0 0 0 0 0 0 0 0 0 0 2147484168 0 0 0 0 0 0 0 0 0 0 0 0 0 0 0 0 0 0 0 0 0 0 0 0 0 0 2147484172 0 0 
0 0 0 0 0 0 0 2147484168 0 0 0 0 0 0 0 0 0 0 0 0 0 0 0 0 0 0 0 0 0 0 0 0 0 0 0 0 0 0 3221226011 3221226010 0 0 0 0 0 0 0 0 0 0 2147484168 0 0 0 0 0 0 0 0 0 0 0 0 0 0 0 0 0 0 0 0 0 0 0 0 0 0 2147484172 0 0 
0 0 0 0 0 0 0 1073742362 1073742377 0 0 0 0 0 0 0 0 0 0 0 0 0 0 0 0 0 0 0 0 0 0 0 0 0 0 0 0 0 2147484172 0 0 0 0 0 0 0 0 0 0 0 2147484168 0 0 0 0 0 0 0 0 0 0 0 0 0 0 0 0 0 0 0 0 0 0 0 0 0 0 2147484172 0 0 
0 0 0 0 0 0 0 0 1073742362 1073742377 0 0 0 0 0 0 0 0 0 0 0 0 0 0 0 0 0 0 0 0 0 0 0 0 0 0 0 3221226011 3221226010 0 0 0 0 0 0 0 0 0 0 0 2147484168 0 0 0 0 0 0 0 0 0 0 0 0 0 0 0 0 0 0 0 0 0 0 0 0 0 0 2147484172 0 0 
0 0 0 0 0 0 0 0 0 1073742362 1073742377 0 0 0 0 0 0 0 0 0 0 0 0 0 0 0 0 0 0 0 0 0 0 0 0 0 1073742375 3221226010 0 0 0 0 0 0 0 0 0 0 0 0 1073742362 1073742377 0 0 0 0 0 0 0 0 0 0 0 0 0 0 0 0 0 0 0 0 0 0 0 0 0 2147484172 0 0 
0 0 0 0 0 0 0 0 0 0 2147484168 0 0 0 0 0 0 0 0 0 0 0 0 0 0 0 0 0 0 0 0 0 0 0 0 3221226011 3221226010 0 0 0 0 0 0 0 0 0 0 0 0 0 0 1073742362 1073742377 0 0 0 0 0 0 0 0 0 0 0 0 0 0 0 0 0 0 0 0 0 0 0 0 2147484172 0 0 
0 0 0 0 0 0 0 0 0 0 1073742362 1073742377 0 0 0 0 0 0 0 0 0 0 0 0 0 0 0 0 0 0 0 0 0 0 3221226011 3221226010 0 0 0 0 0 0 0 0 0 0 0 0 0 550 0 0 2147484168 0 0 0 0 0 0 0 0 0 0 0 0 0 0 0 0 0 0 0 0 0 0 0 0 2147484172 0 0 
0 0 0 0 0 0 0 0 0 0 0 1073742362 1073742376 1073742377 0 0 0 0 0 0 0 0 0 0 0 0 0 0 0 0 0 0 0 1073742376 3221226010 0 0 0 0 0 0 0 0 0 0 0 0 0 0 0 550 0 1073742362 1073742376 3221226023 0 0 0 0 0 0 0 0 0 0 0 0 0 0 0 0 0 0 0 0 0 0 2147484172 0 0 
0 0 0 0 0 0 0 0 0 0 0 0 0 1073742362 1073742376 1073742376 1073742377 0 0 0 3221226011 1073742376 1073742376 1073742376 1073742376 1073742376 1073742376 1073742376 1073742376 1073742376 0 0 0 0 0 0 0 0 0 0 0 0 0 0 0 0 0 0 0 0 0 0 0 0 1073742362 1073742376 0 0 0 0 0 0 0 0 0 0 0 0 0 0 0 0 0 0 0 1073742375 1073742376 3221226010 0 0 
0 0 0 0 0 0 0 0 0 0 0 0 0 0 0 0 1073742362 1073742376 1073742376 1073742376 3221226010 0 0 0 0 0 0 0 0 0 0 0 0 0 0 0 0 0 0 0 0 0 0 0 0 0 0 0 0 0 0 0 0 0 0 0 0 0 0 0 0 0 0 0 0 0 0 0 0 0 0 0 0 0 0 3221225996 0 0 0 0 
0 0 0 0 0 0 0 0 0 0 0 0 0 0 0 0 0 0 0 0 0 0 0 0 0 0 0 0 0 0 0 0 0 0 0 0 0 0 0 0 0 0 0 0 0 0 0 0 0 0 0 0 0 0 0 0 0 0 0 1073742376 1073742376 3221226023 0 0 0 0 0 0 0 0 0 0 0 0 0 2147484172 0 554 0 0 
0 0 0 0 0 0 0 0 0 0 0 0 0 0 0 0 0 0 0 0 0 0 0 0 0 0 0 0 0 0 0 0 0 557 557 557 557 557 557 557 557 541 0 0 0 0 0 0 0 0 0 0 0 0 0 0 0 0 0 0 0 2147484168 0 0 0 0 0 0 0 0 0 0 0 0 0 2147484172 0 0 0 0 
0 0 0 0 0 0 0 0 0 0 0 0 0 0 0 0 0 0 0 0 0 0 0 0 0 0 0 0 2147484189 557 0 0 0 0 0 0 0 0 0 0 0 2147484192 557 557 557 557 557 557 557 541 0 0 0 0 0 0 0 0 0 0 0 1073742362 1073742376 3221226023 0 0 0 0 0 0 0 0 0 0 0 2147484172 0 0 0 0 
0 0 0 0 0 0 0 0 0 0 0 0 0 0 0 0 0 0 0 0 0 0 0 0 0 2147484189 557 557 544 0 0 0 0 0 0 0 0 0 0 0 0 0 0 0 0 0 0 0 0 2147484192 557 557 557 557 541 0 0 0 0 0 0 0 0 1073742362 1073742376 1073742376 3221226023 0 0 0 0 0 0 0 0 2147484172 0 0 0 0 
0 0 0 0 0 0 0 0 0 0 0 0 0 0 0 0 0 0 0 0 0 0 0 2147484189 557 544 0 0 0 0 0 0 0 0 0 0 0 0 0 0 0 0 0 0 0 0 0 0 0 0 0 0 0 0 2147484192 541 0 0 0 0 0 0 0 0 0 0 1073742362 1073742376 1073742376 1073742376 1073742376 1073742376 1073742376 1073742376 1073742376 3221226010 0 0 0 0 
0 0 0 0 0 0 0 0 0 0 0 0 0 0 0 0 0 0 0 0 0 2147484189 557 544 0 0 0 0 0 0 0 0 0 0 0 0 0 0 0 0 0 0 0 0 0 0 0 0 0 0 0 0 0 0 0 0 0 0 0 0 0 0 0 0 0 0 0 0 0 0 0 0 0 0 0 0 0 0 0 0 
0 0 0 0 0 0 0 0 0 0 0 0 0 0 0 0 0 0 0 0 0 529 0 0 0 0 0 0 0 0 0 0 0 0 0 0 0 0 0 0 0 0 0 0 0 0 0 0 0 0 0 0 0 0 0 0 0 0 0 0 0 0 0 0 0 0 0 0 0 0 0 0 0 0 0 0 0 0 0 0 
0 0 0 0 0 0 0 0 0 0 0 0 0 0 0 0 0 0 0 0 2147484189 544 0 0 0 0 0 0 0 0 0 0 0 0 0 0 0 0 0 0 0 0 0 0 0 0 0 0 0 0 0 0 0 0 0 0 0 0 0 541 0 0 0 0 0 0 0 0 0 0 0 0 0 0 0 0 0 0 0 0 
0 0 0 0 0 0 0 0 0 0 0 0 0 0 0 0 0 0 0 0 529 0 0 0 0 0 0 0 0 0 0 0 0 0 0 0 0 0 0 0 0 0 0 0 0 0 0 0 0 0 0 0 0 0 0 0 0 0 0 2147484177 0 0 0 0 0 0 0 0 0 0 0 0 0 0 0 0 0 0 0 0 
0 0 0 0 0 0 0 0 0 0 0 0 0 0 0 0 0 0 0 0 529 0 0 0 0 0 0 0 0 0 0 0 0 0 0 0 0 0 0 0 0 0 0 0 0 0 0 0 0 0 0 0 0 0 0 0 0 0 0 2147484177 0 0 0 0 0 0 0 0 0 0 0 0 0 0 0 0 0 0 0 0 
0 0 0 0 0 0 0 0 0 0 0 0 0 0 0 0 0 0 0 0 529 0 0 0 0 0 0 0 0 0 0 0 0 0 0 0 0 0 0 0 0 0 0 0 0 0 0 0 0 0 0 0 0 0 0 0 0 0 0 2147484177 0 0 0 0 0 0 0 0 0 0 0 0 0 0 0 0 0 0 0 0 
0 0 0 0 0 0 0 0 0 0 0 0 0 0 0 0 0 0 0 0 529 0 0 0 0 0 0 0 0 0 0 0 0 0 0 0 0 0 0 0 0 0 0 0 0 0 0 0 0 0 0 0 0 0 0 0 0 0 0 2147484177 0 0 0 0 0 0 0 0 0 0 0 0 0 0 0 0 0 0 0 0 
0 0 0 0 0 0 0 0 0 0 0 0 0 0 0 0 0 0 0 0 3221226013 1073742368 0 0 0 0 0 0 0 0 0 0 0 0 0 0 0 0 0 0 0 0 0 0 0 0 0 0 0 0 0 0 0 0 0 0 0 0 0 2147484177 0 0 0 0 0 0 0 0 0 0 0 0 0 0 0 0 0 0 0 0 
0 0 0 0 0 0 0 0 0 0 0 0 0 0 0 0 0 0 0 0 0 529 0 0 0 0 0 0 0 0 0 0 0 0 0 0 0 0 0 0 0 0 0 0 0 0 0 0 0 0 0 0 0 0 0 0 0 0 0 2147484177 0 0 0 0 0 0 0 0 0 0 0 0 0 0 0 0 0 0 0 0 
0 0 0 0 0 0 0 0 0 0 0 0 0 0 0 0 0 0 0 0 0 3221226013 1073742368 0 0 0 0 0 0 0 0 0 0 0 0 0 0 0 0 0 0 0 0 0 0 0 0 0 0 0 0 0 0 0 0 0 0 0 0 2147484177 0 0 0 0 0 0 0 0 0 0 0 0 0 0 0 0 0 0 0 0 
0 0 0 0 0 0 0 0 0 0 0 0 0 0 0 0 0 0 0 0 0 0 3221226013 1073742368 0 0 0 0 0 0 0 0 0 0 0 0 0 0 0 0 0 0 0 0 0 0 0 0 0 0 0 0 0 0 0 0 0 0 0 2147484177 0 0 0 0 0 0 0 0 0 0 0 0 0 0 0 0 0 0 0 0 
0 0 0 0 0 0 0 0 0 0 0 0 0 0 0 0 0 0 0 0 0 0 0 3221226013 1073742381 1073742368 0 0 0 0 0 0 0 0 0 0 0 0 0 0 0 0 0 0 0 0 0 0 0 0 0 0 0 0 0 0 0 0 0 2147484177 0 0 0 0 0 0 0 0 0 0 0 0 0 0 0 0 0 0 0 0 
0 0 0 0 0 0 0 0 0 0 0 0 0 0 0 0 0 0 0 0 0 0 0 0 0 3221226013 1073742368 0 0 0 0 0 0 0 0 0 0 0 0 0 0 0 0 0 0 0 0 0 0 0 0 0 0 0 0 0 0 3221226016 1073742381 1073742365 0 0 0 0 0 0 0 0 0 0 0 0 0 0 0 0 0 0 0 0 
0 0 0 0 0 0 0 0 0 0 0 0 0 0 0 0 0 0 0 0 0 0 0 0 0 0 3221226013 1073742368 0 0 0 0 0 0 0 0 0 0 0 0 0 0 0 0 0 0 0 0 0 0 0 0 0 0 0 0 0 2147484177 0 0 0 0 0 0 0 0 0 0 0 0 0 0 0 0 0 0 0 0 0 0 
0 0 0 0 0 0 0 0 0 0 0 0 0 0 0 0 0 0 0 0 0 0 0 0 0 0 0 3221226013 1073742381 1073742381 1073742381 1073742381 1073742381 1073742381 1073742381 1073742381 1073742381 1073742381 1073742381 1073742381 1073742381 1073742381 1073742381 1073742381 1073742381 1073742381 1073742381 1073742381 1073742381 1073742381 1073742381 1073742381 1073742381 1073742381 1073742381 1073742381 1073742381 1073742365 0 0 0 0 0 0 0 0 0 0 0 0 0 0 0 0 0 0 0 0 0 0 
0 0 0 0 0 0 0 0 0 0 0 0 0 0 0 0 0 0 0 0 0 0 0 0 0 0 0 0 0 0 0 0 0 0 0 0 0 0 0 0 0 0 0 0 0 0 0 0 0 0 0 0 0 0 0 0 0 0 0 0 0 0 0 0 0 0 0 0 0 0 0 0 0 0 0 0 0 0 0 0 
0 0 0 0 0 0 0 0 0 0 0 0 0 0 0 0 0 0 0 0 0 0 0 0 0 0 0 0 0 0 0 0 0 0 0 0 0 0 0 0 0 0 0 0 0 0 0 0 0 0 0 0 0 0 0 0 0 0 0 0 0 0 0 0 0 0 0 0 0 0 0 0 0 0 0 0 0 0 0 0 
0 0 0 0 0 0 0 0 0 0 0 0 0 0 0 0 0 0 0 0 0 0 0 0 0 0 0 0 0 0 0 0 0 0 0 0 0 0 0 0 0 0 0 0 0 0 0 0 0 0 0 0 0 0 0 0 0 0 0 0 0 0 0 0 0 0 0 0 0 0 0 0 0 0 0 0 0 0 0 0

0  0  0  0  0  0  0  0  0  0  0  0  0  0  0  0  0  0  0  0  0  0  0  0  0  0  0  0  0  0  0  0  0  0  0  0  0  0  0  0  0  0  0  0  0  0  0  0  0  0  0  0  0  0  0  0  0  0  0  0  685  686  687  688  689  690  691  692  693  694  695  696  697  0  0  0  0  0  0  0  
0  0  0  0  0  0  0  0  0  0  0  0  0  0  0  0  0  0  0  0  0  0  0  0  0  0  0  0  0  0  0  0  0  0  0  0  0  0  0  0  0  0  0  0  0  0  0  0  0  0  0  0  0  0  0  0  0  0  0  0  698  699  700  701  702  703  704  705  706  707  708  709  710  0  0  0  0  0  0  0  
0  0  0  0  0  0  0  0  0  0  0  0  0  0  0  0  0  0  0  0  0  0  0  0  0  0  0  0  0  0  0  0  0  0  0  0  0  0  0  0  0  0  0  0  0  0  0  0  0  0  0  0  0  0  0  0  0  0  0  0  711  712  713  714  715  716  717  718  719  720  721  722  723  0  0  0  0  0  0  0  
0  0  0  0  0  0  0  0  0  0  0  0  0  0  0  0  0  0  0  0  0  0  0  0  0  0  0  0  0  0  0  0  0  0  0  0  0  0  0  0  0  0  0  0  0  0  0  0  0  0  0  0  0  0  0  0  0  0  0  0  724  725  726  727  728  729  730  731  732  733  734  735  736  0  0  0  0  0  0  0  
0  0  0  0  0  0  0  0  0  0  0  0  0  0  0  0  0  0  0  0  0  0  0  0  0  0  0  0  0  637  638  0  0  0  0  0  0  0  0  0  0  0  0  0  0  0  0  0  0  0  0  0  0  0  0  0  0  0  0  637  638  738  739  740  741  742  743  744  745  746  747  748  749  0  0  0  0  0  0  0  
0  0  0  0  0  0  0  0  0  0  0  0  0  0  0  0  0  0  0  0  0  0  0  0  0  0  0  0  0  652  653  0  0  0  0  0  0  0  0  0  0  0  0  0  0  0  0  0  0  0  0  0  0  0  0  0  0  0  0  652  653  751  752  753  754  755  756  757  758  759  760  761  762  0  0  0  0  0  0  0  
0  0  0  0  0  0  0  0  0  0  0  0  0  0  0  0  0  0  0  0  0  0  0  0  0  0  0  0  0  0  0  0  0  0  0  0  0  0  0  0  0  0  0  0  0  0  0  0  0  0  0  0  0  0  0  0  0  0  0  0  763  764  765  766  767  768  769  770  771  772  773  774  775  0  0  0  0  0  0  0  
0  0  0  0  0  0  0  0  0  0  0  0  0  0  0  0  0  0  0  0  0  0  0  0  0  0  0  0  0  0  0  0  0  0  0  0  0  0  0  0  0  0  0  0  0  0  0  0  0  0  0  0  0  0  0  0  0  0  0  0  776  777  778  779  780  781  782  783  784  785  786  787  788  0  0  0  0  0  0  0  
0  0  0  0  0  0  0  0  0  0  0  0  0  0  0  0  0  0  0  0  0  0  0  0  0  0  0  0  0  0  0  0  0  0  0  0  0  0  0  0  0  0  0  0  0  0  0  0  0  0  0  0  0  0  0  0  0  0  0  0  789  790  791  792  793  794  795  796  797  798  799  800  801  0  0  0  0  0  0  0  
0  0  0  0  0  0  0  0  0  0  0  0  0  0  0  567  568  568  568  568  568  568  568  568  568  568  568  568  569  0  0  0  0  0  0  0  0  0  0  0  0  0  0  0  0  0  0  0  0  0  0  0  0  0  0  0  0  0  0  0  802  803  804  805  806  807  808  809  810  811  812  813  814  0  0  0  0  0  0  0  
0  0  0  0  0  0  0  0  0  0  0  0  0  0  0  582  583  583  583  583  583  583  583  583  583  583  583  583  584  0  0  0  0  0  0  0  0  0  0  0  0  0  0  0  0  0  0  0  0  0  0  0  0  0  0  0  0  0  0  0  815  816  817  818  819  820  821  822  823  824  825  826  827  0  0  0  0  0  0  0  
0  0  0  0  0  0  0  0  0  0  0  0  0  0  0  582  583  583  583  583  583  583  583  583  583  583  583  583  584  0  0  0  0  0  0  0  0  0  0  1073742484  1073742442  1073742442  1073742442  1073742442  1073742442  1073742442  1073742442  1073742442  1073742442  1073742442  1073742442  1073742442  1073742485  0  0  0  0  0  0  0  828  829  830  831  832  833  834  835  836  837  838  839  840  0  0  0  0  0  0  0  
0  0  0  0  0  0  0  0  0  0  0  0  0  0  0  582  583  583  583  583  583  583  583  583  583  583  583  583  584  0  0  0  0  0  0  0  0  0  0  645  0  0  0  0  0  0  0  0  0  0  0  0  646  0  0  0  0  0  0  0  841  842  843  844  845  846  847  848  849  850  851  852  853  0  0  0  0  0  0  0  
0  0  0  0  0  0  0  0  0  0  0  0  0  0  0  582  583  583  583  583  583  583  583  583  583  583  583  583  584  0  0  0  0  0  0  0  0  0  0  645  0  0  0  0  0  0  0  0  0  0  0  0  646  0  0  0  0  0  0  0  854  855  856  857  858  859  860  861  862  863  864  865  866  0  0  0  0  0  0  0  
0  0  0  0  0  0  0  0  0  0  0  0  0  0  0  582  583  583  583  583  583  583  583  583  583  583  583  583  584  0  0  0  0  0  0  0  0  0  0  645  0  0  0  0  0  0  0  0  0  0  0  0  646  0  0  0  0  0  0  0  867  868  869  870  871  872  873  874  875  876  877  878  879  0  0  0  0  0  0  0  
0  0  0  0  0  0  0  0  0  0  0  0  0  0  0  582  583  583  583  583  583  583  583  583  583  583  583  583  584  0  0  0  0  0  0  0  0  0  0  660  618  618  618  618  618  618  618  618  618  618  618  618  661  0  0  0  0  0  0  0  880  881  882  883  884  885  886  887  888  889  890  891  892  0  0  0  0  0  0  0  
0  0  0  0  0  0  0  0  0  0  0  0  0  0  0  582  583  583  583  583  583  583  583  583  583  583  583  583  584  0  0  0  0  0  0  0  0  0  0  0  0  0  0  0  0  0  0  0  0  0  0  0  0  0  0  0  0  0  0  0  893  894  895  896  897  898  899  900  901  902  903  904  905  0  0  0  0  0  0  0  
0  0  0  0  0  0  0  0  0  0  0  0  0  0  0  597  598  598  598  598  598  598  598  598  598  598  598  598  599  0  0  0  0  0  0  0  0  0  0  0  0  0  0  0  0  0  0  0  0  0  0  0  0  0  0  0  0  0  0  0  906  907  908  909  910  911  912  913  914  915  916  917  918  0  0  0  0  0  0  0  
0  0  0  0  0  0  0  0  0  0  0  0  0  0  0  0  0  0  0  0  0  0  0  0  0  0  0  0  0  0  0  0  0  0  0  0  0  0  0  0  0  0  0  0  0  0  0  0  0  0  0  0  0  0  0  0  0  0  0  0  919  920  921  922  923  924  925  926  927  928  929  930  931  0  0  0  0  0  0  0  
0  0  0  0  0  0  0  0  0  0  0  0  0  0  0  0  0  0  0  0  0  0  0  0  0  0  0  0  0  0  0  0  0  0  0  0  0  0  0  0  0  0  0  0  0  0  0  0  0  0  0  0  0  0  0  0  0  0  0  0  932  933  934  935  936  937  938  939  940  941  942  943  944  0  0  0  0  0  0  0  
0  0  0  0  0  0  0  0  0  0  0  0  0  0  0  0  0  0  0  0  0  0  0  0  0  0  0  0  0  0  0  0  0  0  0  0  0  0  0  0  0  0  0  0  0  0  0  0  0  0  0  0  0  0  0  0  0  0  0  0  0  0  0  0  0  0  0  0  0  0  0  0  0  0  0  0  0  0  0  0  
0  0  0  0  0  0  0  0  0  0  0  0  0  0  0  0  0  0  0  0  0  0  0  0  0  0  0  0  0  0  0  0  0  0  0  0  0  0  0  0  0  0  0  0  0  0  0  0  0  0  0  0  0  0  0  0  0  0  0  0  0  0  0  0  0  0  0  0  0  0  0  0  0  0  0  0  0  0  0  0  
0  0  0  0  0  0  0  0  0  0  0  0  0  0  0  0  0  0  0  0  0  0  0  0  0  0  0  0  0  0  0  0  0  0  0  0  0  0  0  0  0  0  0  0  0  0  0  0  0  0  0  0  0  0  0  0  0  0  0  0  0  0  0  0  0  0  0  0  0  0  0  0  0  0  0  0  0  0  0  0  
0  0  0  0  0  0  0  0  0  0  0  0  0  0  0  0  0  0  0  0  0  0  0  0  0  0  0  0  0  630  603  603  603  631  0  0  0  0  0  0  0  0  0  0  0  0  0  0  0  0  0  0  0  0  0  0  0  0  0  0  0  0  0  0  0  0  0  0  0  0  0  0  0  0  0  0  0  0  0  0  
0  0  0  0  0  0  0  0  0  0  0  0  0  0  0  0  0  0  0  0  0  0  0  0  0  0  0  0  0  645  0  0  0  646  0  0  0  0  0  0  0  0  0  0  0  0  0  0  0  0  0  0  0  0  0  630  603  603  603  631  0  0  0  0  0  0  0  0  0  0  0  0  0  0  0  0  0  0  0  0  
0  0  0  0  0  0  0  0  0  0  0  0  0  0  0  0  0  0  0  0  0  0  0  0  0  0  0  0  0  645  0  0  0  646  0  0  0  0  0  0  0  0  0  0  0  0  0  0  0  0  0  0  0  0  0  645  0  0  0  646  0  0  0  0  0  0  0  0  0  0  0  0  0  0  0  0  0  0  0  0  
0  0  0  0  0  0  0  0  0  0  0  0  0  0  0  0  0  0  0  0  0  0  0  0  0  0  0  0  0  645  0  0  0  646  0  0  0  0  0  0  0  0  0  0  0  0  0  0  0  0  0  0  0  0  0  645  0  0  0  646  0  0  0  0  0  0  0  0  0  0  0  0  0  0  0  0  0  0  0  0  
0  0  0  0  0  0  0  0  0  0  0  0  0  0  0  0  0  0  0  0  0  0  0  0  0  0  0  0  0  645  0  0  0  646  0  0  0  0  0  0  0  0  0  0  0  0  0  0  0  0  0  0  0  0  0  645  0  0  0  646  0  0  0  0  0  0  0  0  0  0  0  0  0  0  0  0  0  0  0  0  
0  0  0  0  0  0  0  0  0  0  0  0  0  0  0  0  0  0  0  0  0  0  0  0  0  0  0  0  0  645  0  0  0  646  0  0  0  0  5778  5779  5779  5779  0  0  0  0  0  0  0  0  0  0  0  0  0  645  0  0  0  646  0  0  0  0  0  0  0  0  0  0  0  0  0  0  0  0  0  0  0  0  
0  0  0  0  0  0  0  0  0  0  0  0  0  0  0  0  0  0  0  0  0  0  0  0  0  0  0  0  0  645  0  0  0  646  0  0  0  0  5797  0  0  0  0  0  0  0  0  0  0  0  0  0  0  0  0  645  0  0  0  646  0  0  0  0  0  0  0  0  0  0  0  0  0  0  0  0  0  0  0  0  
0  0  0  0  0  0  0  0  0  0  0  0  0  0  0  0  0  0  0  0  0  0  0  0  0  0  0  0  0  1073742454  1073742427  1073742427  1073742427  1073742455  0  0  0  0  0  0  0  0  0  0  0  0  0  0  0  5779  5779  5779  5780  0  0  645  0  0  0  646  0  0  0  0  0  0  0  0  0  0  0  0  0  0  0  0  0  0  0  0  
0  0  0  0  0  0  0  0  0  0  0  0  0  0  0  0  0  0  0  0  0  0  0  0  0  0  0  0  0  0  0  0  0  0  0  0  0  0  0  0  0  0  0  0  0  0  0  0  0  0  0  0  0  0  0  645  0  0  0  646  0  0  0  0  0  0  0  0  0  0  0  0  0  0  0  0  0  0  0  0  
0  0  0  0  0  0  0  0  0  0  0  0  0  0  0  0  0  0  0  0  0  0  0  0  0  0  0  0  0  0  0  0  0  0  0  0  0  0  0  0  0  0  0  0  0  0  0  0  0  0  0  0  0  0  0  645  0  0  0  646  0  0  0  0  0  0  0  0  0  0  0  0  0  0  0  0  0  0  0  0  
0  0  0  0  0  0  0  0  0  0  0  0  0  0  0  0  0  0  0  0  0  0  0  0  0  0  0  0  0  0  0  0  0  0  0  0  0  0  5816  5818  0  0  0  0  0  0  0  0  0  0  0  0  0  0  0  645  0  0  0  646  0  0  0  0  0  0  0  0  0  0  0  0  0  0  0  0  0  0  0  0  
0  0  0  0  0  0  0  0  0  0  0  0  0  0  0  0  0  0  0  0  0  0  0  0  0  0  0  0  0  0  0  0  0  0  0  0  0  0  0  0  0  0  0  0  0  0  0  0  0  0  0  0  0  0  0  1073742454  1073742427  1073742427  1073742427  1073742455  0  0  0  0  0  0  0  0  0  0  0  0  0  0  0  0  0  0  0  0  
0  0  0  0  0  0  0  0  0  0  0  0  0  0  0  0  0  0  0  0  0  0  0  0  0  0  0  0  0  0  0  0  0  0  0  0  0  0  0  0  0  0  0  0  0  0  0  0  0  0  0  0  0  0  0  0  0  0  0  0  0  0  0  0  0  0  0  0  0  0  0  0  0  0  0  0  0  0  0  0  
0  0  0  0  0  0  0  0  0  0  0  0  0  0  0  0  0  0  0  0  0  0  0  0  0  0  0  0  0  0  0  0  0  0  0  0  0  0  5778  5818  0  0  0  0  0  0  0  0  0  0  0  0  0  0  0  0  0  0  0  0  0  0  0  0  0  0  0  0  0  0  0  0  0  0  0  0  0  0  0  0  
0  0  0  0  0  0  0  0  0  0  0  0  0  0  0  0  0  0  0  0  0  0  0  0  0  0  0  0  0  0  0  0  0  0  0  0  0  0  0  0  0  0  0  0  0  0  0  0  0  0  0  0  0  0  0  0  0  0  0  0  0  0  0  0  0  0  0  0  0  0  0  0  0  0  0  0  0  0  0  0  
0  0  0  0  0  0  0  0  0  0  0  0  0  0  0  0  0  0  0  0  0  0  0  0  0  0  0  0  0  0  0  0  0  0  0  0  0  0  0  0  0  0  0  0  0  0  0  0  0  0  0  0  0  0  0  0  0  0  0  0  0  0  0  0  0  0  0  0  0  0  0  0  0  0  0  0  0  0  0  0  
0  0  0  0  0  0  0  0  0  0  0  0  0  0  0  0  0  0  0  0  0  0  0  0  0  0  0  0  0  0  0  0  0  0  0  0  0  0  0  0  0  0  0  0  0  0  0  0  0  0  0  0  0  0  0  0  0  0  0  0  0  0  0  0  0  0  0  0  0  0  0  0  0  0  0  0  0  0  0  0  
0  0  0  0  0  0  0  0  0  0  0  0  0  0  0  0  0  0  0  0  0  0  0  0  0  0  0  0  0  0  0  0  0  0  0  0  0  0  0  0  0  0  0  0  0  0  0  0  0  0  0  0  0  0  0  0  0  0  0  0  0  0  0  0  0  0  0  0  0  0  0  0  0  0  0  0  0  0  0  0  
0  0  0  0  0  0  0  0  0  0  0  0  0  0  0  0  0  0  0  0  0  0  0  0  0  0  0  0  0  0  0  0  0  0  0  0  0  0  0  0  0  0  0  0  0  0  0  0  0  0  0  0  0  0  0  0  0  0  0  0  0  0  0  0  0  0  0  0  0  0  0  0  0  0  0  0  0  0  0  0  
0  0  0  0  0  0  0  0  0  0  0  0  0  0  0  0  0  0  0  0  0  0  0  0  0  0  0  0  0  0  0  0  0  0  0  0  0  0  0  0  0  0  0  0  0  0  0  0  0  0  0  0  0  0  0  0  0  0  0  0  0  0  0  0  0  0  0  0  0  0  0  0  0  0  0  0  0  0  0  0  
0  0  0  0  0  0  0  0  0  0  0  0  0  0  0  0  0  0  0  0  0  0  0  0  0  0  0  0  0  0  0  0  0  0  0  0  0  0  0  0  0  0  0  0  0  0  0  0  0  0  0  0  0  0  0  0  0  0  0  0  0  0  0  0  0  0  0  0  0  0  0  0  0  0  0  0  0  0  0  0  
0  0  0  0  0  0  0  0  0  0  0  0  0  0  0  0  0  0  0  0  0  0  0  0  0  0  0  0  0  0  0  0  0  0  0  0  0  0  0  0  0  0  0  0  0  0  0  0  0  0  0  0  0  0  0  0  0  0  0  0  0  0  0  0  0  0  0  0  0  0  0  0  0  0  0  0  0  0  0  0  
0  0  0  0  0  0  0  0  0  0  0  0  0  0  0  0  0  0  0  0  0  0  0  0  0  0  0  0  0  0  0  0  0  0  0  0  0  0  0  0  0  0  0  0  0  0  0  0  0  0  0  0  0  0  0  0  0  0  0  0  0  0  0  0  0  0  0  0  0  0  0  0  0  0  0  0  0  0  0  0  
0  0  0  0  0  0  0  0  0  0  0  0  0  0  0  0  0  0  0  0  0  0  0  0  0  0  0  0  0  0  0  0  0  0  0  0  0  0  0  0  0  0  0  0  0  0  0  0  0  0  0  0  0  0  0  0  0  0  0  0  0  0  0  0  0  0  0  0  0  0  0  0  0  0  0  0  0  0  0  0  
0  0  0  0  0  0  0  0  0  0  0  0  0  0  0  0  0  0  0  0  0  0  0  0  0  0  0  0  0  0  0  0  0  0  0  0  0  0  0  0  0  0  0  0  0  0  0  0  0  0  0  0  0  0  0  0  0  0  0  0  0  0  0  0  0  0  0  0  0  0  0  0  0  0  0  0  0  0  0  0  
0  0  0  0  0  0  0  0  0  0  0  0  0  0  0  0  0  0  0  0  0  0  0  0  0  0  0  0  0  0  0  0  0  0  0  0  0  0  0  0  0  0  0  0  0  0  0  0  0  0  0  0  0  0  0  0  0  0  0  0  0  0  0  0  0  0  0  0  0  0  0  0  0  0  0  0  0  0  0  0  
0  0  0  0  0  0  0  0  0  0  0  0  0  0  0  0  0  0  0  0  0  0  0  0  0  0  0  0  0  0  0  0  0  0  0  0  0  0  0  0  0  0  0  0  0  0  0  0  0  0  0  0  0  0  0  0  0  0  0  0  0  0  0  0  0  0  0  0  0  0  0  0  0  0  0  0  0  0  0  0

0  0  0  0  0  0  0  0  0  666  667  0  0  0  0  0  0  0  0  0  0  0  0  0  0  0  0  0  0  0  0  0  0  0  0  0  666  667  0  0  0  0  0  0  0  0  0  0  0  0  0  0  0  0  0  0  0  666  667  0  0  0  0  0  0  0  0  0  0  0  0  0  0  0  0  0  0  0  0  0  
0  0  0  0  0  0  0  666  667  681  682  0  0  0  680  0  0  0  0  680  0  0  0  0  0  680  0  0  0  0  680  0  0  577  0  0  681  682  0  0  0  0  0  666  667  0  0  0  0  0  0  666  667  0  0  0  0  681  682  0  0  0  0  577  0  0  0  0  0  0  0  0  0  0  0  0  0  0  0  0  
0  0  0  0  666  667  0  681  682  0  0  0  0  0  0  0  0  0  0  0  0  0  577  0  0  0  0  0  0  0  0  0  0  0  0  0  0  0  0  0  0  0  0  681  682  0  0  0  0  0  0  681  682  0  0  0  0  0  0  0  0  0  0  0  0  0  0  0  0  0  0  0  0  0  0  666  667  0  0  0  
0  0  0  0  681  682  0  0  0  0  0  0  0  0  0  0  0  0  0  0  0  0  0  0  0  0  0  0  0  0  0  680  0  0  0  0  0  0  0  680  680  0  0  0  0  0  0  0  0  0  0  0  0  0  0  0  0  0  0  0  0  0  0  0  0  0  0  0  0  0  0  0  0  0  0  681  682  0  0  0  
0  0  0  0  0  0  0  0  0  0  0  0  0  0  0  0  0  0  0  0  0  0  0  0  0  0  0  0  0  0  0  636  0  0  0  0  0  0  0  680  0  0  0  0  0  0  0  0  0  0  0  0  0  0  0  0  0  0  0  0  0  0  0  0  0  0  0  0  0  0  0  637  638  0  0  0  0  0  0  0  
0  0  0  0  0  0  0  0  0  0  0  0  0  0  0  0  0  0  0  0  0  0  0  0  0  0  0  0  0  0  0  651  0  0  0  0  0  0  0  0  0  0  0  0  0  0  0  0  0  0  0  592  0  0  0  0  0  0  0  0  0  0  0  0  0  0  0  0  0  0  0  652  653  0  0  0  0  0  0  0  
0  0  680  0  0  0  0  0  0  0  0  0  0  0  0  605  0  0  0  0  0  0  0  0  0  0  0  0  605  0  0  0  0  0  0  0  0  0  0  0  0  0  0  666  667  0  0  0  666  667  0  0  0  0  0  0  0  0  0  0  0  0  0  0  0  0  0  0  0  0  0  0  0  0  0  0  0  0  0  0  
0  0  0  0  0  0  0  0  0  0  0  0  0  0  0  620  0  0  0  0  0  0  0  0  0  0  0  0  620  0  0  0  0  0  0  0  0  0  0  0  0  0  0  681  682  0  0  0  681  682  0  0  0  0  0  0  0  0  0  0  0  0  0  0  0  0  0  0  0  0  0  0  0  0  0  0  0  0  0  0  
0  0  0  0  0  0  0  0  0  0  0  0  0  0  0  635  0  0  0  0  0  0  0  0  0  0  0  0  635  0  0  0  0  0  0  0  0  0  0  0  0  0  0  0  0  0  0  0  0  0  0  0  0  0  0  0  0  0  0  0  0  0  0  0  0  0  0  0  0  0  0  0  0  0  0  0  0  0  666  667  
0  0  0  0  0  0  0  0  0  0  0  0  0  0  0  650  0  0  0  0  0  0  0  0  0  0  0  0  650  0  0  0  0  0  0  0  0  0  0  0  636  0  0  0  0  0  577  0  0  0  0  0  0  0  0  0  0  0  0  0  0  0  0  0  0  0  0  0  0  0  0  0  0  0  0  0  0  0  681  682  
0  0  0  0  0  0  0  0  0  0  0  0  0  0  0  0  0  0  0  0  0  0  0  0  0  0  0  0  0  0  0  0  0  0  0  0  0  0  0  0  651  0  0  0  0  0  0  0  0  0  0  0  0  0  0  0  0  0  0  0  0  0  0  0  0  0  0  0  0  0  0  0  0  0  0  0  0  0  0  0  
0  0  0  0  0  0  0  0  0  0  0  0  0  0  0  0  0  0  0  0  0  0  0  0  0  0  0  0  0  0  0  0  0  0  0  0  0  0  0  1073742409  1073742381  1073742381  1073742381  1073742381  1073742381  1073742381  1073742381  1073742381  1073742381  1073742381  1073742381  1073742381  1073742382  0  0  0  0  0  0  0  0  0  0  0  0  0  0  0  0  0  0  0  0  0  0  0  0  0  0  0  
0  680  0  0  0  0  0  0  0  0  0  0  0  0  0  0  0  0  0  0  0  0  0  0  0  0  0  0  0  0  0  0  0  0  0  0  0  0  0  0  0  0  0  0  0  0  0  0  0  0  0  0  0  0  0  0  0  0  0  0  0  0  0  0  0  0  0  0  0  0  0  0  0  0  0  0  0  0  0  0  
0  0  0  0  0  0  0  0  0  0  0  0  0  0  0  0  0  0  0  0  0  0  0  0  0  0  0  0  0  0  0  0  0  0  0  0  0  0  0  0  0  0  0  0  0  0  0  0  0  0  0  0  0  0  0  0  0  0  0  0  0  0  0  0  0  0  0  0  0  0  0  0  0  0  0  0  0  0  0  0  
0  0  0  0  0  0  0  0  0  0  0  0  0  0  0  605  0  0  0  0  0  0  0  0  0  0  0  0  605  0  0  0  0  0  0  0  0  0  0  0  0  0  0  0  0  0  0  0  0  0  0  0  0  0  0  0  0  0  0  0  0  0  0  0  0  0  0  0  0  0  0  0  0  0  0  0  0  0  0  577  
0  0  0  0  0  0  0  0  0  0  0  0  0  0  0  620  0  0  0  0  0  0  0  0  0  0  0  0  620  0  0  0  0  0  0  0  0  0  0  585  557  557  557  557  557  557  557  557  557  557  557  557  558  0  0  0  0  0  0  0  0  0  0  0  0  0  0  0  0  0  0  0  0  0  0  0  0  0  0  0  
0  0  0  0  0  0  0  0  0  0  0  0  0  0  0  635  0  0  0  0  0  0  0  0  0  0  0  0  635  0  0  0  0  0  0  0  0  0  0  0  0  0  0  666  667  0  0  0  0  0  0  0  0  0  0  0  0  0  0  0  0  0  0  0  0  0  0  0  0  0  0  0  0  0  0  0  0  0  0  0  
0  0  0  0  0  0  0  0  0  0  0  0  0  0  0  650  0  0  0  0  0  0  0  0  0  0  0  0  650  0  0  0  0  0  0  0  0  0  0  0  0  0  0  681  682  0  592  0  0  0  0  0  0  0  0  0  0  0  0  0  0  0  0  0  0  0  0  0  0  0  0  0  0  0  0  0  0  0  0  0  
0  0  0  0  577  0  0  0  0  0  0  0  0  0  0  0  0  0  0  0  0  0  0  0  0  0  0  0  0  0  0  0  0  0  0  0  0  0  0  0  0  0  0  0  577  0  0  0  0  0  0  0  0  0  0  0  0  0  0  0  0  0  0  0  0  0  0  0  0  0  0  0  0  0  0  0  0  0  666  667  
0  0  680  0  0  0  0  0  0  0  636  0  0  0  0  0  0  0  0  0  0  0  0  0  0  0  0  0  0  0  0  0  0  0  0  0  0  0  0  0  0  0  0  0  0  0  0  577  0  0  0  0  0  0  0  0  0  0  0  0  0  0  0  0  0  0  0  0  0  0  0  0  0  0  0  0  0  0  681  682  
0  0  0  0  0  0  0  0  0  0  651  0  0  0  0  0  0  0  0  0  0  0  0  0  0  0  0  0  0  0  0  0  0  0  0  0  0  0  0  0  0  666  667  0  0  0  666  667  0  0  0  0  0  0  0  0  0  0  0  0  0  0  0  0  0  0  0  0  0  0  0  0  0  0  0  0  0  0  0  0  
0  0  0  0  0  0  0  0  0  0  0  0  0  0  0  0  0  0  0  0  0  0  0  0  0  0  0  0  0  0  0  0  0  0  0  0  0  0  0  0  0  681  682  0  0  0  681  682  0  0  0  0  0  0  0  0  0  0  0  0  0  0  0  0  0  0  0  0  0  0  0  0  0  0  0  0  0  0  0  0  
0  0  0  0  0  0  0  680  0  0  0  0  0  0  0  0  0  0  0  0  0  0  0  0  0  0  0  0  0  0  0  0  0  0  0  0  0  0  0  0  0  0  0  666  667  0  0  0  0  0  0  0  0  0  0  0  0  0  0  0  0  0  0  0  0  0  0  0  0  0  0  0  0  0  0  0  0  0  0  0  
0  0  0  0  0  0  0  0  0  0  0  0  0  0  0  0  0  0  0  0  0  0  0  0  0  0  0  0  0  2684355100  0  0  0  536871452  0  0  0  0  0  0  0  680  0  681  682  0  0  0  0  0  0  0  0  0  0  0  0  0  0  0  0  0  0  0  0  0  0  0  0  0  0  0  0  0  0  0  0  0  0  0  
0  0  0  0  666  667  0  0  0  0  0  0  0  0  0  0  0  0  0  0  0  0  0  0  0  0  0  0  0  525  0  0  0  2147484173  0  0  0  0  0  666  667  0  0  0  0  0  0  0  666  667  0  0  0  0  0  2684355145  0  0  0  536871497  0  0  0  0  0  0  0  0  0  0  0  0  0  0  0  0  0  0  0  0  
0  0  0  0  681  682  0  0  0  0  0  0  0  0  677  0  0  0  0  1573  1573  1573  0  0  0  0  0  0  0  525  0  0  0  2147484173  1244  1245  1246  1247  1140  1141  1142  1143  1144  1145  1146  1147  1148  1149  1150  1151  1152  0  0  0  0  525  0  0  0  2147484173  0  0  0  0  0  0  0  0  0  0  0  0  0  0  0  0  0  0  0  0  
0  0  0  0  0  0  0  0  0  0  0  0  0  0  0  0  0  0  0  0  0  0  0  0  0  0  0  0  0  525  0  0  0  2147484173  1257  0  0  0  1153  1154  1155  1156  1157  1158  1159  1160  1161  1162  1163  1164  1165  0  0  0  0  525  0  0  0  2147484173  0  0  0  0  0  0  0  0  0  0  0  0  0  0  0  0  0  666  667  0  
0  0  0  0  0  0  577  0  0  0  0  0  0  0  0  0  0  0  0  0  0  0  0  577  0  592  0  1427  1428  525  0  0  0  2147484173  1270  0  0  0  1166  1167  1168  1169  1170  1171  1172  1173  1174  1175  1176  1177  1178  0  0  0  0  525  0  0  0  2147484173  0  0  0  0  0  0  0  0  0  0  0  0  0  0  0  0  0  681  682  0  
0  0  0  0  0  0  0  0  680  0  0  0  0  0  0  0  0  0  0  0  0  0  0  0  0  0  0  0  0  525  0  0  0  1448  1449  0  0  0  0  1180  1181  1182  1183  1184  1185  1186  1187  1188  1189  1190  1456  1457  0  0  0  525  0  0  0  2147484173  0  0  0  0  0  0  0  0  0  0  0  0  0  0  0  0  0  0  0  0  
0  0  0  0  0  0  0  0  0  0  0  0  0  0  0  0  0  0  666  667  0  0  0  577  0  0  0  0  0  525  0  0  0  1466  1467  0  0  0  0  1193  1194  1195  1196  1197  1198  1199  1200  1201  1202  1203  1474  1475  0  0  0  525  0  0  0  2147484173  0  0  0  0  0  0  0  0  0  0  0  0  0  0  0  0  0  0  0  0  
0  0  0  0  0  0  0  0  0  0  0  0  0  0  0  592  0  0  681  682  0  0  0  577  1441  1442  1443  0  1482  3758096924  0  0  0  1610613276  1309  0  0  0  5797  1206  1207  1208  1209  1210  1211  1212  1213  1214  1215  1216  1492  1493  5780  0  0  525  0  0  0  2147484173  0  0  0  0  0  0  0  0  0  0  0  0  0  0  0  0  0  577  0  0  
0  0  0  0  0  0  0  0  0  0  0  666  667  0  0  0  0  0  0  0  0  0  0  0  1459  1460  1461  0  1500  0  0  0  0  0  1322  0  0  0  5797  1219  1220  1221  1222  1223  1224  1225  1226  1227  1228  1229  1510  1511  5799  0  0  525  0  0  0  2147484173  0  0  0  0  0  0  0  0  0  0  0  0  0  0  0  0  0  0  0  0  
0  0  0  0  0  0  0  0  0  0  0  681  682  0  0  0  0  0  0  592  0  0  0  0  1477  1478  1479  0  0  0  0  0  0  0  1335  0  0  0  5797  1232  1233  1234  1235  1236  1237  1238  1239  1240  1241  1242  1243  0  5799  0  0  525  0  0  0  2147484173  0  0  0  0  0  0  0  0  0  0  0  0  0  0  0  0  0  0  0  0  
0  0  0  0  0  0  0  0  0  0  0  0  0  0  0  0  0  0  0  0  0  0  0  0  0  0  0  0  0  0  0  0  0  0  1348  0  0  0  0  0  0  0  0  1357  0  0  0  0  0  0  0  0  5799  0  0  525  0  0  0  2147484173  0  0  0  666  667  0  0  0  0  0  0  0  0  0  0  0  0  0  0  0  
0  0  0  0  666  667  0  0  0  0  0  0  0  0  0  0  0  0  0  0  0  0  0  0  0  0  0  0  0  0  0  0  0  0  0  0  0  0  0  0  0  0  0  0  0  0  0  0  0  0  0  0  5799  0  0  3758096969  0  0  0  1610613321  0  0  0  681  682  0  0  0  0  680  0  0  0  577  0  0  0  666  667  0  
0  0  0  0  681  682  0  0  0  0  0  0  0  0  0  0  0  0  0  0  0  0  0  0  0  0  0  0  0  0  0  0  0  0  0  0  0  0  0  0  0  0  0  0  0  0  0  0  0  0  0  0  5799  0  0  0  0  0  0  0  0  0  0  0  0  0  0  0  0  0  0  0  0  0  0  0  0  681  682  0  
0  0  0  0  0  0  0  0  0  0  0  0  0  0  0  0  0  0  0  0  0  0  0  0  0  0  0  0  0  0  0  0  0  0  0  0  0  0  5797  0  0  0  0  0  0  0  0  1513  1514  1515  0  0  5799  0  0  0  0  0  0  0  0  0  0  0  0  0  592  0  0  0  0  0  0  0  0  0  0  0  0  0  
0  0  0  0  0  0  0  0  0  0  0  0  666  667  0  0  0  0  0  0  0  0  0  0  0  0  0  0  0  0  0  0  0  0  0  0  0  0  5797  1397  1398  0  0  0  0  0  0  1531  1532  1533  0  0  5799  0  0  0  0  0  0  0  0  0  0  0  0  0  0  0  0  0  0  666  667  0  0  0  0  0  0  0  
0  0  0  0  0  0  0  0  0  0  0  0  681  682  0  0  0  0  0  0  0  0  0  0  0  0  0  0  0  0  0  0  0  0  0  0  0  0  5797  1415  1416  0  0  0  0  0  0  1549  1550  1551  0  0  5799  0  0  0  0  0  0  0  0  0  0  0  0  0  0  0  0  0  0  681  682  0  0  0  0  577  0  0  
0  0  0  0  0  0  0  0  0  0  0  0  0  0  0  0  0  0  0  0  0  0  0  0  0  0  0  0  0  0  0  0  0  0  0  0  0  0  5816  5817  5817  5817  5817  5817  5817  5817  5817  5817  5817  5817  5817  5817  5818  0  0  0  0  0  0  0  0  0  0  0  0  680  0  0  0  0  0  0  0  0  0  0  0  0  0  0  
0  0  0  0  0  0  0  0  0  592  577  0  0  0  0  0  0  0  0  0  0  0  0  0  0  0  0  0  0  0  0  0  0  0  0  0  0  0  0  0  0  0  0  0  0  0  0  0  0  0  0  0  0  0  0  0  0  0  0  0  0  0  0  0  0  0  0  0  0  0  0  0  0  0  0  0  0  0  0  0  
0  0  0  0  0  0  0  0  0  0  0  0  0  0  0  0  0  0  0  0  0  0  0  0  0  0  0  0  0  0  0  0  0  0  0  0  0  0  0  0  0  0  0  0  0  1179  0  0  0  0  0  0  0  0  0  0  0  0  0  0  0  0  0  0  0  0  0  0  0  592  0  0  0  0  0  0  0  0  0  0  
0  0  0  0  0  0  0  0  0  0  0  0  0  0  0  0  592  0  0  0  0  0  0  0  0  0  0  0  0  0  0  0  0  0  0  0  0  0  0  0  0  0  0  0  0  1192  0  0  0  0  0  0  0  0  0  0  0  0  0  0  0  0  0  0  0  0  0  0  0  0  0  0  0  666  577  0  0  0  0  0  
0  0  0  0  0  666  667  0  0  0  0  0  0  0  666  667  0  0  0  0  0  0  0  0  0  0  0  0  0  0  0  0  0  0  0  0  0  0  0  0  0  0  0  0  0  0  0  0  0  0  0  0  0  0  0  0  0  0  0  0  0  592  0  0  0  0  0  0  0  0  0  0  0  681  682  0  0  0  0  0  
0  0  0  0  0  681  682  0  0  0  0  0  0  0  681  682  0  0  0  0  0  0  0  0  0  0  0  0  0  0  0  0  0  0  0  0  0  0  0  0  0  0  0  0  0  1218  0  0  0  0  0  0  0  0  0  0  0  0  0  0  0  0  0  0  0  666  667  0  0  0  0  0  0  0  0  0  0  0  0  0  
0  0  0  0  0  0  0  0  0  0  0  0  0  0  0  0  0  0  0  0  0  0  0  0  0  0  0  0  0  0  0  0  0  0  0  0  0  0  0  0  0  0  0  0  0  1231  0  0  0  0  0  0  0  0  0  0  0  0  0  0  0  0  0  0  0  681  682  0  0  0  0  0  0  0  0  0  0  577  0  0  
0  0  0  0  0  0  0  0  0  0  0  0  0  0  0  0  0  0  0  0  666  667  0  0  0  0  0  0  0  0  0  0  0  0  0  0  0  0  0  0  0  0  0  0  0  0  0  0  0  0  0  0  0  0  0  0  0  0  0  0  680  0  0  0  0  0  0  0  0  0  0  0  0  0  0  0  0  0  0  0  
0  0  0  0  0  0  0  0  0  0  0  0  592  0  0  0  0  0  0  0  681  682  0  0  0  0  0  0  0  0  0  0  0  0  0  0  0  0  0  0  0  0  0  0  0  0  0  0  0  0  0  0  0  0  0  0  0  0  0  0  0  0  0  0  0  0  0  0  0  0  577  0  0  0  0  666  667  0  0  0  
0  0  0  0  0  0  0  0  0  0  0  0  0  0  0  0  0  0  0  0  0  0  0  0  0  0  0  0  0  0  0  0  0  0  0  0  0  0  0  0  680  0  0  0  0  0  0  0  0  0  0  680  0  0  0  0  0  0  0  0  0  0  0  0  0  0  0  0  0  0  0  0  0  0  0  681  682  0  0  0  
0  0  0  0  0  0  0  0  0  0  0  0  0  0  0  0  0  0  0  0  0  0  0  0  0  0  0  0  0  0  0  0  0  0  0  0  0  0  0  0  0  0  0  0  0  0  0  0  0  0  0  0  0  0  0  0  0  0  0  0  0  0  0  0  0  0  0  0  0  0  0  0  0  0  0  0  0  0  0  0